100
951491575 581173960
579762610 907831060
797749574 422168835
977389537 476740300
435282764 644805490
887698535 635511458
81196409 401582427
761521790 908429629
852243617 811824942
780373412 779075941
935994229 389689719
601065327 138627758
16527726 640959886
123104431 223517331
289270570 494120629
296604740 235802568
868443573 219144803
498756500 284939613
185605929 480383085
990433630 656873433
565163528 138054649
483093092 362775887
375877244 683174340
528110830 69682615
656302658 596835671
465410793 307619336
440412725 510796766
585626616 929714504
901420986 380320028
272612510 801965851
366885635 925278849
497913622 641056798
48899732 39286885
537313504 999570665
620048235 667255731
906033427 596941117
960799382 11332327
40625449 332499585
53720285 232980874
63458239 588685202
746090795 383381480
916904286 866019881
416112512 758266771
108152459 729916466
709816663 584375111
424781357 387125157
919044581 143483465
370277659 726008256
166901749 298581533
961216585 908010823
307407143 205832880
247833846 36117732
21967617 427853044
499284178 82126602
981869132 245454048
363126094 309683245
664388011 717109373
407158276 42457895
996835838 403795129
114282360 346419414
908990052 861267528
52770289 571472884
814946484 622164471
973012741 43338219
31026195 592728395
26638308 632204752
616510870 608348661
466101672 540677103
149500732 881916157
982036022 893033898
884092710 910525461
306523314 893937613
939739455 842811308
496298649 80637327
470005144 762695446
469935140 736834549
366824650 501368553
468193111 246997607
35135139 758598600
663043338 316048488
899885265 169952423
848008492 220351795
878291950 529500976
872363839 340369230
251190569 675315132
981635242 812571553
342575676 808540976
182445138 993644617
419440390 859574154
287927520 840408048
41789715 474630262
768469071 47470806
158089550 930831134
955160989 474481451
176634208 803362554
154086682 545950577
798142665 758540097
126943374 713645011
160832350 715930859
94530045 383791710
